1.441 0.000 0.000 0.477 0.188 -0.045 0.477 0.186 -0.048 0.493 0.186 -0.046 0.491 0.186 -0.046 -0.000 0.000 -0.000 -0.000 0.000 -0.000 -0.000 0.000 -0.000 -0.000 0.000 -0.000 -0.000 0.000 -0.000 0.000 -0.000 0.000 0.000 -0.000 0.000 0.000 -0.000 0.000 0.000 -0.000 0.000 0.000 -0.000 0.000 
0.000 1.441 0.000 0.188 0.818 0.020 0.186 0.820 0.021 0.186 0.831 0.020 0.186 0.830 0.020 0.000 -0.000 0.000 0.000 -0.000 0.000 0.000 -0.000 0.000 0.000 -0.000 0.000 0.000 -0.000 0.000 -0.000 0.000 0.000 -0.000 0.000 0.000 -0.000 0.000 0.000 -0.000 0.000 0.000 -0.000 0.000 0.000 
0.000 0.000 1.441 -0.045 0.020 0.896 -0.048 0.021 0.896 -0.046 0.020 0.908 -0.046 0.020 0.907 -0.000 0.000 0.000 -0.000 0.000 0.000 -0.000 0.000 0.000 -0.000 0.000 0.000 -0.000 0.000 0.000 0.000 0.000 -0.000 0.000 0.000 -0.000 0.000 0.000 -0.000 0.000 0.000 -0.000 0.000 0.000 -0.000 
0.477 0.188 -0.045 2272.727 0.000 0.000 0.054 0.204 -0.051 1.571 0.009 -0.000 0.059 0.205 -0.050 -0.000 0.001 -0.000 -0.000 0.001 -0.000 -0.000 0.001 -0.000 -0.000 0.001 -0.000 -0.000 0.001 -0.000 0.000 -0.000 0.000 0.000 -0.000 0.000 0.000 -0.000 0.000 0.000 -0.000 0.000 0.000 -0.000 0.000 
0.188 0.818 0.020 0.000 2272.727 0.000 0.204 0.428 0.022 0.009 1.584 0.000 0.205 0.433 0.022 0.001 -0.000 0.000 0.001 -0.000 0.000 0.001 -0.000 0.000 0.001 -0.000 0.000 0.001 -0.000 0.000 -0.000 0.000 0.000 -0.000 0.000 0.000 -0.000 0.000 0.000 -0.000 0.000 0.000 -0.000 0.000 0.000 
-0.045 0.020 0.896 0.000 0.000 2272.727 -0.051 0.022 0.512 -0.000 0.000 1.589 -0.050 0.022 0.518 -0.000 0.000 0.000 -0.000 0.000 0.000 -0.000 0.000 0.000 -0.000 0.000 0.000 -0.000 0.000 0.000 0.000 0.000 -0.000 0.000 0.000 -0.000 0.000 0.000 -0.000 0.000 0.000 -0.000 0.000 0.000 -0.000 
0.477 0.186 -0.048 0.054 0.204 -0.051 2272.727 0.000 0.000 0.060 0.205 -0.051 1.576 0.005 -0.005 -0.000 0.000 -0.000 -0.000 0.000 -0.000 -0.000 0.000 -0.000 -0.000 0.000 -0.000 -0.000 0.000 -0.000 -0.000 -0.000 0.000 0.000 -0.000 0.000 -0.000 -0.000 0.000 0.000 -0.000 0.000 -0.000 -0.000 0.000 
0.186 0.820 0.021 0.204 0.428 0.022 0.000 2272.727 0.000 0.205 0.435 0.023 0.005 1.591 0.001 0.000 -0.000 0.000 0.000 -0.000 0.000 0.000 -0.000 0.000 0.000 -0.000 0.000 0.000 -0.000 0.000 -0.000 0.000 0.000 -0.000 0.000 0.000 -0.000 0.000 0.000 -0.000 0.000 0.000 -0.000 0.000 0.000 
-0.048 0.021 0.896 -0.051 0.022 0.512 0.000 0.000 2272.727 -0.051 0.023 0.519 -0.005 0.001 1.591 -0.000 0.000 0.000 -0.000 0.000 0.000 -0.000 0.000 0.000 -0.000 0.000 0.000 -0.000 0.000 0.000 0.000 0.000 -0.000 0.000 0.000 -0.000 0.000 0.000 -0.000 0.000 0.000 -0.000 0.000 0.000 -0.000 
0.493 0.186 -0.046 1.571 0.009 -0.000 0.060 0.205 -0.051 10000000000000000303786028427003666890752.000 0.000 0.000 0.065 0.206 -0.051 -0.000 0.001 -0.000 -0.000 0.001 -0.000 -0.000 0.001 -0.000 -0.000 0.001 -0.000 -0.000 0.001 -0.000 0.000 -0.000 0.000 0.000 -0.000 0.000 0.000 -0.000 0.000 0.000 -0.000 0.000 0.000 -0.000 0.000 
0.186 0.831 0.020 0.009 1.584 0.000 0.205 0.435 0.023 0.000 10000000000000000303786028427003666890752.000 0.000 0.206 0.439 0.022 0.001 -0.000 0.000 0.001 -0.000 0.000 0.001 -0.000 0.000 0.001 -0.000 0.000 0.001 -0.000 0.000 -0.000 0.000 0.000 -0.000 0.000 0.000 -0.000 0.000 0.000 -0.000 0.000 0.000 -0.000 0.000 0.000 
-0.046 0.020 0.908 -0.000 0.000 1.589 -0.051 0.023 0.519 0.000 0.000 10000000000000000303786028427003666890752.000 -0.051 0.022 0.525 -0.000 0.000 0.000 -0.000 0.000 0.000 -0.000 0.000 0.000 -0.000 0.000 0.000 -0.000 0.000 0.000 0.000 0.000 -0.000 0.000 0.000 -0.000 0.000 0.000 -0.000 0.000 0.000 -0.000 0.000 0.000 -0.000 
0.491 0.186 -0.046 0.059 0.205 -0.050 1.576 0.005 -0.005 0.065 0.206 -0.051 10000000000000000303786028427003666890752.000 0.000 0.000 -0.000 0.000 -0.000 -0.000 0.000 -0.000 -0.000 0.000 -0.000 -0.000 0.000 -0.000 -0.000 0.000 -0.000 -0.000 -0.000 0.000 0.000 -0.000 0.000 -0.000 -0.000 0.000 0.000 -0.000 0.000 -0.000 -0.000 0.000 
0.186 0.830 0.020 0.205 0.433 0.022 0.005 1.591 0.001 0.206 0.439 0.022 0.000 10000000000000000303786028427003666890752.000 0.000 0.000 -0.000 0.000 0.000 -0.000 0.000 0.000 -0.000 0.000 0.000 -0.000 0.000 0.000 -0.000 0.000 -0.000 0.000 0.000 -0.000 0.000 0.000 -0.000 0.000 0.000 -0.000 0.000 0.000 -0.000 0.000 0.000 
-0.046 0.020 0.907 -0.050 0.022 0.518 -0.005 0.001 1.591 -0.051 0.022 0.525 0.000 0.000 10000000000000000303786028427003666890752.000 -0.000 0.000 0.000 -0.000 0.000 0.000 -0.000 0.000 0.000 -0.000 0.000 0.000 -0.000 0.000 0.000 0.000 0.000 -0.000 0.000 0.000 -0.000 0.000 0.000 -0.000 0.000 0.000 -0.000 0.000 0.000 -0.000 
-0.000 0.000 -0.000 -0.000 0.001 -0.000 -0.000 0.000 -0.000 -0.000 0.001 -0.000 -0.000 0.000 -0.000 1.441 0.000 0.000 0.608 0.084 0.239 0.606 0.083 0.239 0.622 0.083 0.237 0.622 0.082 0.237 0.000 0.000 0.000 0.000 0.000 0.000 0.000 0.000 0.000 0.000 0.000 0.000 0.000 0.000 0.000 
0.000 -0.000 0.000 0.001 -0.000 0.000 0.000 -0.000 0.000 0.001 -0.000 0.000 0.000 -0.000 0.000 0.000 1.441 0.000 0.084 0.878 -0.068 0.083 0.878 -0.067 0.083 0.889 -0.067 0.082 0.891 -0.066 0.000 -0.000 -0.000 0.000 -0.000 -0.001 0.000 -0.000 -0.000 0.000 -0.000 -0.000 0.000 -0.000 -0.000 
-0.000 0.000 0.000 -0.000 0.000 0.000 -0.000 0.000 0.000 -0.000 0.000 0.000 -0.000 0.000 0.000 0.000 0.000 1.441 0.239 -0.068 0.707 0.239 -0.067 0.708 0.237 -0.067 0.719 0.237 -0.066 0.722 0.000 -0.000 -0.000 0.000 -0.001 -0.000 0.000 -0.000 -0.000 0.000 -0.000 -0.000 0.000 -0.000 -0.000 
-0.000 0.000 -0.000 -0.000 0.001 -0.000 -0.000 0.000 -0.000 -0.000 0.001 -0.000 -0.000 0.000 -0.000 0.608 0.084 0.239 2272.727 0.000 0.000 0.196 0.091 0.261 1.580 0.004 0.009 0.202 0.091 0.262 0.000 0.000 0.000 0.000 0.000 0.000 0.000 0.000 0.000 0.000 0.000 0.000 0.000 0.000 0.000 
0.000 -0.000 0.000 0.001 -0.000 0.000 0.000 -0.000 0.000 0.001 -0.000 0.000 0.000 -0.000 0.000 0.084 0.878 -0.068 0.000 2272.727 0.000 0.091 0.492 -0.074 0.004 1.590 -0.003 0.091 0.499 -0.074 0.000 -0.000 -0.000 0.000 -0.000 -0.000 0.000 -0.000 -0.000 0.000 -0.000 -0.000 0.000 -0.000 -0.000 
-0.000 0.000 0.000 -0.000 0.000 0.000 -0.000 0.000 0.000 -0.000 0.000 0.000 -0.000 0.000 0.000 0.239 -0.068 0.707 0.000 0.000 2272.727 0.261 -0.074 0.306 0.009 -0.003 1.583 0.262 -0.074 0.312 0.000 -0.000 -0.000 0.000 -0.000 -0.000 0.000 -0.000 -0.000 0.000 -0.000 -0.000 0.000 -0.000 -0.000 
-0.000 0.000 -0.000 -0.000 0.001 -0.000 -0.000 0.000 -0.000 -0.000 0.001 -0.000 -0.000 0.000 -0.000 0.606 0.083 0.239 0.196 0.091 0.261 2272.727 0.000 0.000 0.201 0.091 0.262 1.575 0.004 0.010 0.000 0.000 0.000 0.000 0.000 0.000 0.000 0.000 0.000 0.000 0.000 0.000 0.000 0.000 0.000 
0.000 -0.000 0.000 0.001 -0.000 0.000 0.000 -0.000 0.000 0.001 -0.000 0.000 0.000 -0.000 0.000 0.083 0.878 -0.067 0.091 0.492 -0.074 0.000 2272.727 0.000 0.091 0.498 -0.074 0.004 1.588 -0.003 0.000 -0.000 -0.000 0.000 -0.000 -0.001 0.000 -0.000 -0.000 0.000 -0.000 -0.001 0.000 -0.000 -0.000 
-0.000 0.000 0.000 -0.000 0.000 0.000 -0.000 0.000 0.000 -0.000 0.000 0.000 -0.000 0.000 0.000 0.239 -0.067 0.708 0.261 -0.074 0.306 0.000 0.000 2272.727 0.262 -0.074 0.312 0.010 -0.003 1.582 0.000 -0.000 -0.000 0.000 -0.001 -0.000 0.000 -0.000 -0.000 0.000 -0.001 -0.000 0.000 -0.000 -0.000 
-0.000 0.000 -0.000 -0.000 0.001 -0.000 -0.000 0.000 -0.000 -0.000 0.001 -0.000 -0.000 0.000 -0.000 0.622 0.083 0.237 1.580 0.004 0.009 0.201 0.091 0.262 10000000000000000303786028427003666890752.000 0.000 0.000 0.208 0.091 0.262 0.000 0.000 0.000 0.000 0.000 0.000 0.000 0.000 0.000 0.000 0.000 0.000 0.000 0.000 0.000 
0.000 -0.000 0.000 0.001 -0.000 0.000 0.000 -0.000 0.000 0.001 -0.000 0.000 0.000 -0.000 0.000 0.083 0.889 -0.067 0.004 1.590 -0.003 0.091 0.498 -0.074 0.000 10000000000000000303786028427003666890752.000 0.000 0.091 0.505 -0.074 0.000 -0.000 -0.000 0.000 -0.000 -0.000 0.000 -0.000 -0.000 0.000 -0.000 -0.000 0.000 -0.000 -0.000 
-0.000 0.000 0.000 -0.000 0.000 0.000 -0.000 0.000 0.000 -0.000 0.000 0.000 -0.000 0.000 0.000 0.237 -0.067 0.719 0.009 -0.003 1.583 0.262 -0.074 0.312 0.000 0.000 10000000000000000303786028427003666890752.000 0.262 -0.074 0.318 0.000 -0.000 -0.000 0.000 -0.000 -0.000 0.000 -0.000 -0.000 0.000 -0.000 -0.000 0.000 -0.000 -0.000 
-0.000 0.000 -0.000 -0.000 0.001 -0.000 -0.000 0.000 -0.000 -0.000 0.001 -0.000 -0.000 0.000 -0.000 0.622 0.082 0.237 0.202 0.091 0.262 1.575 0.004 0.010 0.208 0.091 0.262 10000000000000000303786028427003666890752.000 0.000 0.000 0.000 0.000 0.000 0.000 0.000 0.000 0.000 0.000 0.000 0.000 0.000 0.000 0.000 0.000 0.000 
0.000 -0.000 0.000 0.001 -0.000 0.000 0.000 -0.000 0.000 0.001 -0.000 0.000 0.000 -0.000 0.000 0.082 0.891 -0.066 0.091 0.499 -0.074 0.004 1.588 -0.003 0.091 0.505 -0.074 0.000 10000000000000000303786028427003666890752.000 0.000 0.000 -0.000 -0.000 0.000 -0.000 -0.001 0.000 -0.000 -0.000 0.000 -0.000 -0.001 0.000 -0.000 -0.000 
-0.000 0.000 0.000 -0.000 0.000 0.000 -0.000 0.000 0.000 -0.000 0.000 0.000 -0.000 0.000 0.000 0.237 -0.066 0.722 0.262 -0.074 0.312 0.010 -0.003 1.582 0.262 -0.074 0.318 0.000 0.000 10000000000000000303786028427003666890752.000 0.000 -0.000 -0.000 0.000 -0.001 -0.000 0.000 -0.000 -0.000 0.000 -0.001 -0.000 0.000 -0.000 -0.000 
0.000 -0.000 0.000 0.000 -0.000 0.000 -0.000 -0.000 0.000 0.000 -0.000 0.000 -0.000 -0.000 0.000 0.000 0.000 0.000 0.000 0.000 0.000 0.000 0.000 0.000 0.000 0.000 0.000 0.000 0.000 0.000 1.441 0.000 0.000 0.882 -0.071 -0.064 0.882 -0.071 -0.064 0.895 -0.071 -0.063 0.894 -0.071 -0.064 
-0.000 0.000 0.000 -0.000 0.000 0.000 -0.000 0.000 0.000 -0.000 0.000 0.000 -0.000 0.000 0.000 0.000 -0.000 -0.000 0.000 -0.000 -0.000 0.000 -0.000 -0.000 0.000 -0.000 -0.000 0.000 -0.000 -0.000 0.000 1.441 0.000 -0.071 0.628 -0.245 -0.071 0.628 -0.245 -0.071 0.642 -0.243 -0.071 0.642 -0.243 
0.000 0.000 -0.000 0.000 0.000 -0.000 0.000 0.000 -0.000 0.000 0.000 -0.000 0.000 0.000 -0.000 0.000 -0.000 -0.000 0.000 -0.000 -0.000 0.000 -0.000 -0.000 0.000 -0.000 -0.000 0.000 -0.000 -0.000 0.000 0.000 1.441 -0.064 -0.245 0.680 -0.064 -0.245 0.680 -0.063 -0.243 0.695 -0.064 -0.243 0.695 
0.000 -0.000 0.000 0.000 -0.000 0.000 0.000 -0.000 0.000 0.000 -0.000 0.000 0.000 -0.000 0.000 0.000 0.000 0.000 0.000 0.000 0.000 0.000 0.000 0.000 0.000 0.000 0.000 0.000 0.000 0.000 0.882 -0.071 -0.064 2272.727 0.000 0.000 0.497 -0.078 -0.070 1.588 -0.003 -0.003 0.503 -0.079 -0.071 
-0.000 0.000 0.000 -0.000 0.000 0.000 -0.000 0.000 0.000 -0.000 0.000 0.000 -0.000 0.000 0.000 0.000 -0.000 -0.001 0.000 -0.000 -0.000 0.000 -0.000 -0.001 0.000 -0.000 -0.000 0.000 -0.000 -0.001 -0.071 0.628 -0.245 0.000 2272.727 0.000 -0.078 0.220 -0.268 -0.003 1.579 -0.010 -0.079 0.225 -0.268 
0.000 0.000 -0.000 0.000 0.000 -0.000 0.000 0.000 -0.000 0.000 0.000 -0.000 0.000 0.000 -0.000 0.000 -0.001 -0.000 0.000 -0.000 -0.000 0.000 -0.001 -0.000 0.000 -0.000 -0.000 0.000 -0.001 -0.000 -0.064 -0.245 0.680 0.000 0.000 2272.727 -0.070 -0.268 0.276 -0.003 -0.010 1.579 -0.071 -0.268 0.282 
0.000 -0.000 0.000 0.000 -0.000 0.000 -0.000 -0.000 0.000 0.000 -0.000 0.000 -0.000 -0.000 0.000 0.000 0.000 0.000 0.000 0.000 0.000 0.000 0.000 0.000 0.000 0.000 0.000 0.000 0.000 0.000 0.882 -0.071 -0.064 0.497 -0.078 -0.070 2272.727 0.000 0.000 0.504 -0.078 -0.070 1.589 -0.002 -0.002 
-0.000 0.000 0.000 -0.000 0.000 0.000 -0.000 0.000 0.000 -0.000 0.000 0.000 -0.000 0.000 0.000 0.000 -0.000 -0.000 0.000 -0.000 -0.000 0.000 -0.000 -0.000 0.000 -0.000 -0.000 0.000 -0.000 -0.000 -0.071 0.628 -0.245 -0.078 0.220 -0.268 0.000 2272.727 0.000 -0.078 0.225 -0.269 -0.002 1.579 -0.011 
0.000 0.000 -0.000 0.000 0.000 -0.000 0.000 0.000 -0.000 0.000 0.000 -0.000 0.000 0.000 -0.000 0.000 -0.000 -0.000 0.000 -0.000 -0.000 0.000 -0.000 -0.000 0.000 -0.000 -0.000 0.000 -0.000 -0.000 -0.064 -0.245 0.680 -0.070 -0.268 0.276 0.000 0.000 2272.727 -0.070 -0.269 0.282 -0.002 -0.011 1.579 
0.000 -0.000 0.000 0.000 -0.000 0.000 0.000 -0.000 0.000 0.000 -0.000 0.000 0.000 -0.000 0.000 0.000 0.000 0.000 0.000 0.000 0.000 0.000 0.000 0.000 0.000 0.000 0.000 0.000 0.000 0.000 0.895 -0.071 -0.063 1.588 -0.003 -0.003 0.504 -0.078 -0.070 10000000000000000303786028427003666890752.000 0.000 0.000 0.510 -0.079 -0.071 
-0.000 0.000 0.000 -0.000 0.000 0.000 -0.000 0.000 0.000 -0.000 0.000 0.000 -0.000 0.000 0.000 0.000 -0.000 -0.000 0.000 -0.000 -0.000 0.000 -0.000 -0.001 0.000 -0.000 -0.000 0.000 -0.000 -0.001 -0.071 0.642 -0.243 -0.003 1.579 -0.010 -0.078 0.225 -0.269 0.000 10000000000000000303786028427003666890752.000 0.000 -0.079 0.231 -0.269 
0.000 0.000 -0.000 0.000 0.000 -0.000 0.000 0.000 -0.000 0.000 0.000 -0.000 0.000 0.000 -0.000 0.000 -0.000 -0.000 0.000 -0.000 -0.000 0.000 -0.001 -0.000 0.000 -0.000 -0.000 0.000 -0.001 -0.000 -0.063 -0.243 0.695 -0.003 -0.010 1.579 -0.070 -0.269 0.282 0.000 0.000 10000000000000000303786028427003666890752.000 -0.071 -0.269 0.289 
0.000 -0.000 0.000 0.000 -0.000 0.000 -0.000 -0.000 0.000 0.000 -0.000 0.000 -0.000 -0.000 0.000 0.000 0.000 0.000 0.000 0.000 0.000 0.000 0.000 0.000 0.000 0.000 0.000 0.000 0.000 0.000 0.894 -0.071 -0.064 0.503 -0.079 -0.071 1.589 -0.002 -0.002 0.510 -0.079 -0.071 10000000000000000303786028427003666890752.000 0.000 0.000 
-0.000 0.000 0.000 -0.000 0.000 0.000 -0.000 0.000 0.000 -0.000 0.000 0.000 -0.000 0.000 0.000 0.000 -0.000 -0.000 0.000 -0.000 -0.000 0.000 -0.000 -0.000 0.000 -0.000 -0.000 0.000 -0.000 -0.000 -0.071 0.642 -0.243 -0.079 0.225 -0.268 -0.002 1.579 -0.011 -0.079 0.231 -0.269 0.000 10000000000000000303786028427003666890752.000 0.000 
0.000 0.000 -0.000 0.000 0.000 -0.000 0.000 0.000 -0.000 0.000 0.000 -0.000 0.000 0.000 -0.000 0.000 -0.000 -0.000 0.000 -0.000 -0.000 0.000 -0.000 -0.000 0.000 -0.000 -0.000 0.000 -0.000 -0.000 -0.064 -0.243 0.695 -0.071 -0.268 0.282 -0.002 -0.011 1.579 -0.071 -0.269 0.289 0.000 0.000 10000000000000000303786028427003666890752.000 
